tf.math.confusion_matrix:

<tf.Tensor: shape=(10, 10), dtype=int32, numpy=
array([[560,   1,   2,   0,   0,   0,   0,   0,   0,   1],
       [  0, 661,   4,   0,   1,   0,   0,   3,   3,   0],
       [  1,   7, 573,   3,   4,   0,   0,   4,   7,   0],
       [  0,   2,   3, 610,   0,   5,   0,   3,   3,   2],
       [  2,   2,   1,   0, 598,   0,   1,   0,   0,   3],
       [  2,   0,   0,   7,   2, 544,   0,   1,   4,   5],
       [ 12,   4,   0,   0,   1,   5, 555,   0,   0,   0],
       [  1,   2,   4,   0,   7,   0,   0, 598,   1,  11],
       [  8,  12,   1,   4,   3,   0,   1,   1, 544,  10],
       [  1,   2,   1,   1,  20,   0,   1,   5,   0, 549]], dtype=int32)>

CalcConfusionMatrix:

[[560.   1.   2.   0.   0.   0.   0.   0.   0.   1.]
 [  0. 661.   4.   0.   1.   0.   0.   3.   3.   0.]
 [  1.   7. 573.   3.   4.   0.   0.   4.   7.   0.]
 [  0.   2.   3. 610.   0.   5.   0.   3.   3.   2.]
 [  2.   2.   1.   0. 598.   0.   1.   0.   0.   3.]
 [  2.   0.   0.   7.   2. 544.   0.   1.   4.   5.]
 [ 12.   4.   0.   0.   1.   5. 555.   0.   0.   0.]
 [  1.   2.   4.   0.   7.   0.   0. 598.   1.  11.]
 [  8.  12.   1.   4.   3.   0.   1.   1. 544.  10.]
 [  1.   2.   1.   1.  20.   0.   1.   5.   0. 549.]]